873.079
593.773
656.025
538.932
611.26
745.638
768.88
619.74
618.921
758.983
748.634
550.79
637.428
791.803
609.553
704.952
461.465
725.662
672.345
619.375
582.807
697.844
660.317
709.371
741.595
779.57
497.862
735.914
788.54
596.693
601.365
656.413
654.841
604.176
730.675
458.229
691.91
451
721.887
557.432
716.396
686.968
695.178
465.692
595.872
586.08
458.259
731.805
445.228
490.195
723.443
669.475
779.529
609.269
668.081
710.678
540.65
767.7
678.392
774.118
657.971
783.363
682.923
694.69
815.054
619.87
781.59
668.861
686.152
674.208
744.961
597.187
460.014
552.771
609.677
770.955
609.012
549.518
626.087
773.417
711.78
566.759
496.363
770.736
591.741
667.959
660.843
619.307
639.763
468.164
772.579
387.445
549.791
717.638
600.882
604.776
694.683
584.054
781.193
658.951
591.716
658.151
505.089
580.48
632.903
659.015
634.409
572.17
591.398
673.546
468.707
490.057
397.87
610.227
729.176
679.828
774.461
618.945
711.878
582.667
738.688
727.871
598.057
442.691
616.463
508.489
616.355
617.02
570.268
535.294
616.255
734.348
557.577
567.898
643.463
781.381
655.046
518.547
596.664
589.325
440.538
688.834
684.89
659.452
672.683
605.751
610.484
684.168
646.373
659.53
685.372
635.78
780.066
693.686
698.963
758.662
527.123
531.025
524.451
426.993
740.983
647.077
611.314
431.151
560.734
670.057
529.277
884.285
697.496
596.711
521.014
565.186
625.32
861.211
750.057
664.577
759.577
550.341
686.284
794.152
590.717
768.989
590.475
484.672
566.5
580.287
627.728
572.584
674.63
675.606
524.707
800.188
674.605
711.751
673.899
606.866
706.693
559.389
751.808
628.056
639.695
585.068
590.173
671.362
625.347
590.878
771.171
676.015
433.749
686.485
583.943
483.265
536.986
619.471
505.084
679.46
691.96
667.913
466.317
745.462
665.09
696.037
431.744
597.106
582.403
680.714
618.864
560.08
607.757
660.485
493.549
460.725
631.176
559.302
624.568
637.845
674.056
614.643
538.975
712.921
530.049
658.974
613.419
596.962
745.11
739.98
512.848
510.487
435.089
637.411
623.54
586.499
589.209
675.204
502.914
528.075
580.807
524.045
590.651
501.593
549.135
721.292
462.239
642.631
794.425
391.273
580.324
768.305
732.347
771.093
477.191
616.074
559.323
641.864
615.383
669.231
601.288
777.19
641.985
676.61
642.109
666.833
714.299
522.086
759.657
507.69
597.252
703.994
702.839
693.269
873.282
746.326
593.114
608.901
490.057
681.333
753.114
643.097
863.293
540.902
651.901
557.915
632.839
607.716
669.005
610.998
674.042
587.747
537.622
569.783
481.053
697.064
594.056
689.714
716.823
723.2
642.469
602.653
539.457
549.358
891.903
434.736
595.279
634.434
571.312
689.897
606.515
497.737
590.136
723.862
725.695
593.916
632.99
485.152
536.067
746.308
625.22
735.47
745.998
502.28
705.058
766.965
767.217
633.554
606.923
674.604
590.701
727.033
635.308
545.955
658.774
555.42
645.613
843.49
731.173
523.419
565.48
543.503
693.727
612.734
540.367
560.849
665.591
526.54
619.637
678.179
549.6
615.756
754.797
656.621
614.42
661.613
659.081
612.987
666.001
723.752
685.67
489.172
702.834
633.24
536.034
446.403
547.932
737.695
537.61
781.44
765.675
581.52
620.206
629.878
621.397
696.92
541.704
650.305
650.577
499.398
511.186
559.464
670.03
572.473
477.914
724.515
635.323
572.628
724.549
771.516
576.482
445.248
661.07
507.507
718.503
465.18
472.173
500.879
615.806
610.549
645.527
530.669
618.613
687.713
673.553
737.895
591.54
595.516
548.636
565.574
693.536
572.96
577.48
579.418
630.265
547.514
612.159
660.072
592.216
759.674
554.46
672.342
536.351
627.35
552.049
494.077
525.031
545.196
657.747
752.947
655.121
713.609
651.16
622.316
676.156
764.879
746.485
742.755
635.989
619.107
492.754
606.429
738.969
486.269
656.141
614.456
617.209
460.121
643.666
493.234
781.84
639.278
699.971
615.288
675.641
642.556
601.126
516.839
635.73
497.57
583.057
425.676
754.824
762.013
667.923
629.006
533.764
549.198
770.812
583.736
528.867
722.445
771.364
774.55
865.801
656.775
754.556
652.688
700.017
614.265
781.766
501.861
783.988
759.262
618.029
405.759
657.502
635.809
692.35
606.177
817.637
643.22
763.304
498.985
679.545
620.336
519.102
769.157
697.761
659.619
820.079
693.578
756.034
674.748
615.919
627.279
790.584
602.067
794.014
712.472
670.1
674.177
785.533
592.741
697.275
784.034
593.998
638.363
516.192
649.678
588.479
676.543
650.817
480.828
573.774
565.323
710.792
673.338
563.525
603.759
555.454
585.299
689.315
702.136
696.732
492.827
737.105
687.41
583.329
742.391
782.027
621.364
581.055
626.763
664.769
455.775
603.694
530.656
505.092
472.827
639.362
648.429
783.281
657.123
714.049
637.677
500.77
721.459
622.833
557.837
633.971
578.778
476.085
751.366
672.056
710.681
734.91
631.478
643.235
539.11
700.083
683.881
584.013
564.326
596.658
458.185
592.123
492.747
443.619
672.731
613.731
600.315
647.842
611.742
719.135
636.046
596.956
644.798
524.371
692.108
686.69
724.429
602.338
758.706
429.477
619.877
603.857
696.417
120.474
702.293
585.827
517.326
376.112
646.446
591.024
664.401
693.133
471.493
554.976
696.074
514.602
660.993
471.649
729.731
590.691
428.726
620.046
428.789
665.928
665.768
696.652
548.052
573.657
565.449
563.39
567.613
506.405
693.916
535.622
585.903
747.112
654.987
628.143
693.074
723.419
735.93
679.171
676.291
696.851
675.994
590.957
675.435
622.552
691.742
639.014
614.663
623.766
759.776
529.672
598.988
586.708
461.379
722.104
574.669
849.105
678.533
600.848
676.304
590.747
442.248
442.416
638.079
626.064
659.044
695.309
553.07
682.15
658.21
642.516
612.041
633.305
591.766
602.629
486.209
588.132
554.514
429.426
586.807
772.956
557.243
645.018
760.617
539.615
574.507
603.455
460.018
768.151
608.156
625.082
418.512
574.728
769.878
645.439
679.951
674.666
864.41
679.851
571.434
526.174
730.059
694.334
650.23
524.428
547.91
540.194
631.569
579.975
658.767
617.537
596.698
641.048
385.817
692.752
649.084
548.75
670.967
489.794
655.984
666.113
639.34
574.949
718.998
637.961
857.769
413.672
633.715
532.907
633.684
540.626
672.196
636.484
728.208
614.142
654.722
642.085
621.725
599.554
572.796
614.34
713.698
680.183
670.596
613.405
622.603
675.199
764.976
708.044
663.194
716.762
672.288
642.244
686.683
645.637
688.481
689.787
690.293
696.208
692.667
622.35
695.385
790.364
636.794
679.056
584.577
563.356
589.363
709.411
701.395
636.264
622.886
637.1
659.287
674.87
591.349
455.419
632.728
456.034
599.021
662.768
604.626
704.65
712.402
655.931
721.747
659.076
591.505
532.806
603.271
584.352
673.467
534.09
696.903
641.087
592.852
712.212
733.788
650.217
627.109
749.458
631.605
590.494
627.124
701.902
691.338
633.35
489.122
638.37
642.094
636.079
315.217
712.242
676.545
646.845
696.974
654.147
427.735
558.114
631.61
591.475
613.607
661.358
604.507
661.109
613.109
579.727
316.953
635.086
654.2
538.98
632.342
585.37
582.366
555.278
686.46
712.142
602.933
682.421
535.874
581.308
720.829
691.685
538.529
710.074
733.827
585.763
672.421
759.698
493.198
563.497
616.937
760.137
699.027
868.794
569.293
686.45
653.285
640.474
673.467
697.425
677.719
674.327
683.313
700.711
629.907
736.56
656.732
755.22
660.189
636.052
504.17
549.294
563.815
750.208
563.755
794.404
573.161
488.817
631.119
632.592
649.984
634.163
631.795
686.25
676.415
614.646
645.243
674.384
491.1
491.036
676.535
868.127
679.94
671.308
559.149
750.291
480.315
676.731
614.675
703.475
559.843
739.191
561.411
768.6
548.28
696.494
704.998
698.136
613.248
463.128
547.342
694.197
731.494
615.413
762.209
781.547
699.038
521.584
739.773
781.347
779.765
557.585
717.816
490.2
480.679
529.746
483.894
567.992
469.079
696.025
485.326
600.104
470.449
485.242
491.94
579.089
600.931
575.393
523.853
485.593
539.892
700.635
695.946
693.983
714.331
554.961
788.35
539.224
693.559
593.59
586.689
695.658
669.932
501.022
591.835
236.234
559.368
481.415
595.179
732.44
558.182
456.526
680.157
490.376
744.354
784.4
598.112
706.04
788.53
579.553
369.322
475.959
597.299
583.621
486.577
708.221
577.12
691.238
492.052
575.266
742.021
519.763
600.86
570.202
551.167
551.278
549.746
508.763
709.361
741.586
620.664
558.412
570.901
510.413
557.779
545.222
709.258
563.572
575.135
509.242
783.75
616.317
491.392
457.119
496.524
516.341
488.177
669.356
603.913
722.807
573.676
602.536
572.794
690.917
583.591
688.373
606.548
536.326
542.065
447.954
562.027
462.548
448.434
531.43
887.318
538.863
524.757
726.793
622.7
642.465
720.544
632.913
726.652
690.336
526.803
780.91
726.943
687.166
582.662
521.525
530.703
594.934
548.803
589.517
494.515
588.142
729.579
573.917
770.16
502.79
647.452
637.114
598.281
521.906
463.605
756.007
525.058
746.667
524.629
538.88
520.431
713.237
598.419
674.749
658.756
538.333
646.866
578.314
627.693
556.822
707.908
488.769
704.961
639.069
605.128
663.938
781.33
616.572
538.068
617.811
640.268
510.691
568.697
494.048
680.105
455.488
725.92
596.64
602.542
521.653
621.354
635.899
712.496
703.039
598.614
561.359
599.543
576.174
591.543
762.334
710.881
573.831
545.616
532.163
598.289
615.273
665.875
613.922
608.073
597.363
531.52
715.837
602.001
530.689
604.49
743.261
860.501
777.506
631.014
635.242
604.044
594.671
494.723
715.468
622.307
733.035
532.314
612.291
726.739
545.073
588.386
588.792
693.781
527.319
647.239
697.531
483.371
612.391
587.09
433.01
667.596
774.768
777.587
602.391
554.649
590.367
591.846
590.936
513.553
623.602
600.656
579.111
590.302
578.843
525.896
582.248
576.651
647.6
525.945
586.513
521.689
493.668
496.96
549.681
799.997
492.275
582.565
532.362
583.629
658.695
534.242
755.717
469.004
471.477
783.078
759.508
476.027
756.888
591.585
747.962
668.559
868.082
739.814
751.648
751.999
527.504
761.952
670.575
513.75
589.673
514.851
509.996
285.495
467.963
283.089
272.652
189.583
266.752
187.342
208.085
564.144
463.388
279.443
185.348
267.683
662.942
210.923
486.355
863.754
209.106
560.939
568.142
550.985
591.552
550.712
839.953
576.451
506.288
602.566
587.576
594.896
867.332
499.387
464.835
853.589
580.769
757.474
513.516
782.64
579.159
864.466
762.546
864.374
608.2
764.146
682.268
552.129
462.547
602.469
782.97
470.738
558.957
764.803
705.841
523.072
759.254
278.412
757.73
271.333
565.898
392.668
629.825
247.032
634.372
233.875
572.525
226.813
548.823
218.649
623.477
501.275
628.116
523.378
618.167
594.097
720.32
778.285
673.318
742.703
619.195
764.066
759.072
770.829
732.653
528.641
473.289
256.65
835.286
414.416
205.949
758.199
747.626
199.214
566.93
629.034
677.806
566.733
613.348
677.994
537.268
195.352
758.312
639.07
471.144
541.347
788.185
760.399
618.594
731.726
762.194
677.689
645.629
729.954
506.722
620.987
762.287
776.225
623.969
425.818
726.263
593.73
512.171
629.486
626.226
446.413
616.103
608.486
853.339
386.103
689.71
227.191
603.682
736.544
252.923
754.59
647.783
740.71
704.768
565.127
598.737
242.913
588.078
642.312
583.416
655.804
752.655
567.81
752.288
466.335
547.649
487.523
461.54
551.286
511.961
462.519
647.628
578.968
455.828
508.824
452.6
696.835
576.49
450.618
692.047
567.658
465.619
692.337
578.271
100
661.302
675.327
525.733
735.505
642.592
535.115
635.944
532.337
454.182
738.443
376.349
647.563
740.277
687.029
362.582
709.137
587.645
391.474
772.29
629.97
312.541
528.964
591.119
688.334
626.12
587.536
585.951
593.81
654.768
733.165
766.261
461.718
629.011
462.596
647.914
462.646
602.459
495.32
467.323
646.869
759.725
188.078
793.749
374.223
686.968
114.99
733.464
102.853
581.914
622.177
687.525
476.12
773.747
717.96
641.24
390.085
493.54
687.571
623.302
367.135
487.539
688.663
630.198
778.458
482.427
589.731
626.609
683.604
478.15
486.548
654.336
791.669
478.488
443.361
495.576
688.239
484.872
478.966
712.085
478.426
718.955
522.652
711.529
206.396
761.334
688.451
511.375
623.772
744.805
481.946
478.021
542.182
672.58
572.187
490.712
435.095
686.81
476.294
389.21
527.574
750.107
480.303
446.933
442.685
746.247
618.16
603.994
743.024
675.461
698.074
635.668
558.62
381.647
653.006
545.357
625.872
671.768
629.226
690.756
755.42
590.303
769.228
704.927
519.582
484.331
675.406
485.526
682.523
567.716
780.811
463.846
537.094
612.903
706.344
368.153
592.562
368.051
367.199
699.658
661.544
486.047
734.579
494.412
589.597
592.997
722.02
779.887
387.02
393.122
596.592
473.321
526.828
712.377
446.709
608.159
648.25
558.634
693.928
739.98
658.321
672.181
627.526
733.31
674.915
742.622
531.185
446.304
614.53
639.191
658.763
421.268
762.166
491.416
453.88
615.58
435.665
679.049
559.558
423.442
669.953
588.084
430.399
692.635
457.816
351.899
628.996
515.225
419.665
690.311
524.729
592.877
476.26
400.078
767.105
785.41
550.463
424.919
473.062
450.394
517.263
360.279
536.382
611.199
353.45
628.684
346.414
667.055
642.441
161.342
629.529
619.467
594.57
655.703
236.866
606.291
700.546
781.17
598.075
763.893
545.738
674.672
779.567
659.211
541.775
729.877
747.596
747.998
656.903
572.832
739.899
741.324
776.651
468.126
496.563
572.995
768.382
619.53
738.242
785.753
104.881
705.674
709.236
388.098
653.274
590.488
884.56
873.049
570.557
629.049
597.268
689.212
567.261
539.655
592.267
614.314
586.412
592.497
756.04
628.294
591.585
629.133
587.459
742.548
563.365
582.928
556.829
560.997
749.836
617.121
604.755
636.834
554.512
683.334
699.306
532.114
737.568
644.234
527.966
586.891
729.902
561.482
662.595
749.857
692.067
745.123
636.6
785.937
656.909
661.037
470.393
789.248
495.291
769.737
553.566
704.323
769.619
582.417
532.977
735.042
587.96
564.019
781.491
476.567
676.837
781.628
770.791
620.405
704.768
704.398
680.716
630.235
704.153
781.175
766.656
588.626
772.351
604.51
720.022
581.647
516.06
726.077
502.192
711.818
725.484
508.58
733.719
468.46
781.685
429.489
781.817
489.893
544.126
393.891
552.707
600.823
584.2
652.19
657.262
612.029
569.675
708.058
581.82
722.437
549.28
671.39
579.922
794.026
588.868
689.294
679.407
634.568
682.182
722.986
532.038
785.3
634.634
695.443
531.351
688.872
661.763
724.615
613.48
756.695
663.47
828.516
629.863
456.366
782.618
640.393
576.314
401.2
745.256
537.518
616.918
566.436
632.659
583.604
600.19
556.061
642.195
603.479
723.785
527.111
632.012
675.957
503.597
695.833
865.824
509.63
710.498
455.637
654.513
633.649
558.506
451.924
631.226
560.715
578.442
626.323
553.563
645.923
567.656
647.397
695.271
584.023
694.172
648.743
556.101
628.292
657.802
516.667
641.149
488.738
562.102
643.605
639.012
471.408
550.746
449.867
584.31
528.731
658.638
533.037
580.257
664.545
588.986
531.215
574.562
495.247
570.736
601.94
703.905
545.118
738.85
561.51
655.538
678.185
483.704
520.455
686.672
659.597
529.408
576.012
686.152
515.503
641.617
574.339
684.625
647.596
525.755
527.953
652.994
671.426
771.767
591.981
716.29
610.086
746.701
531.472
692.069
549.963
581.309
578.688
498.124
552.765
480.198
478.48
448.453
487.727
506.8
469.279
448.293
694.989
467.593
708.001
468.43
689.786
457.578
662.996
538.228
649.425
584.407
853.544
862.952
629.669
436.752
628.822
436.618
571.691
754.203
586.589
773.05
593.169
704.957
753.566
567.048
604.652
578.116
616.721
370.26
625.231
583.522
693.972
666.268
679.727
541.507
658.681
558.25
743.808
686.318
587.664
732.602
336.919
586.612
515.096
585.262
650.511
672.675
522.816
659.565
630.379
617.728
455.905
535.107
615.284
750.797
462.401
647.537
478.589
805.864
602.368
486.709
808.499
656.664
816.784
723.224
633.361
744.142
809.917
662.698
613.796
696.445
804.337
505.903
778.239
811.282
725.657
669.436
487.686
488.534
414.624
514.743
498.106
450.182
688.834
658.924
569.088
473.441
818.409
457.948
641.162
452.863
824.446
570.051
429.864
662.899
730.215
631.037
422.241
833.096
596.886
838.327
523.711
839.591
402.391
446.771
678.473
661.646
833.441
656.627
823.228
652.265
702.482
657.837
707.024
743.448
706.553
632.808
738.386
368.162
734.649
803.191
728.02
368.273
770.636
732.345
742.988
724.567
371.321
729.982
661.432
550.018
726.609
744.402
520.61
711.601
754.916
689.457
383.553
528.25
451.817
492.729
494.865
493.667
668.955
465.991
517.68
611.205
505.09
466.211
634.24
722.678
710.02
567.584
525.438
577.534
573.351
496.435
499.664
524.458
536.497
370.969
473.33
484.98
497.899
523.759
584.251
614.739
566.606
626.01
483.913
533.852
547.107
576.361
519.656
579.552
520.429
524.229
661.648
480.646
663.791
717.867
575.212
588.934
634.804
787.756
660.201
661.496
467.009
519.838
587.999
436.299
489.724
485.378
515.021
646.594
382.53
782.389
450.019
772.574
648.898
497.414
653.075
672.21
569.843
657.39
522.566
773.47
646.807
584.042
646.205
559.852
586.449
578.587
577.141
657.798
678.044
518.223
614.56
549.299
489.227
444.287
487.871
662.24
692.848
728.088
312.42
621.924
694.048
471.126
622.861
583.773
608.012
488.238
599.031
488.056
572.143
520.253
425.087
586.105
457.451
534.038
587.046
584.238
553.731
525.528
628.557
614.676
544.33
203.852
511.816
184.089
686.889
516.755
609.254
483.578
489.61
494.301
471.723
544.478
587.345
693.738
675.259
694.313
629.133
769.833
762.088
656.295
620.844
652.356
485.617
612.826
747.831
504.066
553.353
746.69
697.274
682.139
696.806
874.609
643.223
505.015
783.672
725.278
525.418
526.364
725.25
778.69
659.3
592.48
446.194
739.836
774.006
758.447
586.067
861.132
730.737
438.343
498.799
661.076
670.792
437.847
436.928
432.427
723.662
498.712
640.238
635.213
432.842
639.612
479.367
653.542
655.58
759.724
432.238
684.503
485.08
671.428
588.817
479.714
537.432
532.248
502.405
529.022
526.216
504.734
762.132
554.381
683.844
513.789
437.948
684.149
539.056
333.585
636.974
753.063
636.334
530.704
599.992
704.703
637.078
589.529
637.06
568.291
662.31
527.849
608.671
637.218
670.642
569.831
472.204
606.812
619.142
357.096
551.034
791.716
356.179
617.104
747.751
695.042
349.997
670.121
639.549
663.364
670.246
493.599
660.137
694.242
655.624
462.792
599.754
874.978
606.366
652.146
766.9
547.234
593.053
424.601
593.364
585.506
763.084
675.676
602.701
753.944
688.638
752.219
696.812
705.258
656.287
728.548
391.821
739.143
356.389
658.027
669.061
661.587
617.325
769.06
617.775
662.088
685.253
633.38
458.002
635.795
781.478
782.077
763.089
323.112
466.577
616.307
754.341
313.366
666.127
765.208
534.25
665.914
781.89
630.868
649.171
610.255
633.299
754.04
652.261
653.314
750.849
548.231
547.718
748.508
695.973
642.789
661.763
647.659
610.426
657.606
648.474
516.321
739.447
709.191
747.728
348.168
767.759
790.549
771.388
559.659
770.846
464.603
707.2
688.425
706.24
707.222
642.561
716.312
618.087
454.692
616.541
465.557
620.007
465.106
715.129
649.007
688.621
647.492
635.825
648.838
690.33
636.373
611.008
743.697
650.111
644.417
643.981
771.057
651.212
655.554
624.319
535.397
624.742
678.756
625.267
462.32
751.37
484.96
646.612
703.776
524.007
514.474
511.111
453.877
508.929
508.62
520.884
506.296
594.733
506.4
454.272
540.021
506.119
486.034
538.052
614.497
483.812
497.064
505.409
867.137
487.396
853.232
500.746
662.35
720.509
698.67
613.588
698.335
652.584
641.291
629.848
671.432
580.897
630.192
660.108
613.78
630.247
556.676
655.566
649.782
560.628
648.98
660.422
483.652
338.198
659.73
656.769
622.35
594.19
582.826
653.443
594.88
654.263
588.566
614.649
511.527
602.935
654.516
505.562
492.752
605.044
655.436
633.748
630.681
634.102
484.385
633.536
606.785
497.957
587.341
741.512
523.068
487.992
631.369
676.59
631.279
480.273
653.583
585.196
480.358
589.226
693.82
475.493
589.573
602.488
476.879
676.563
390.094
472.876
647.367
472.733
589.571
688.958
592.863
632.562
118.013
493.777
650.778
470.823
561.075
471.027
661.032
466.659
385.915
555.786
379.765
682.488
379.788
758.413
376.085
633.215
376.4
526.935
540.106
593.509
490.12
584.402
563.48
635.143
590.286
381.703
658.601
485.289
631.232
589.629
649.595
584.238
585.207
667.792
507.491
592.92
514.769
631.892
598.269
547.427
598.271
504.574
466.95
461.007
462.863
603.947
498.344
490.275
606.702
625.374
675.837
680.101
608.955
737.126
667.706
703.28
513.455
603.813
554.029
606.818
865.421
653.438
527.146
652.818
540.758
630.494
495.757
608.883
692.517
630.657
613.271
527.02
625.252
612.457
487.864
558.762
591.395
496.549
554.438
486.755
668.78
860.573
615.091
472.21
519.086
659.817
487.518
676.02
721.416
615.656
508.998
523.377
724.755
617.529
517.087
546.778
617.625
585.033
729.289
595.807
608.808
421.251
642.387
776.839
596.346
663.509
622.475
455.53
617.12
701.265
455.428
657.024
666.917
457.196
588.919
701.817
574.126
592.675
458.432
471.56
749.87
643.22
483.019
639.842
482.825
558.01
700.521
465.617
784.281
505.884
547.261
506.607
641.527
640.543
649.187
658.464
543.793
803.436
658.429
470.763
686.612
488.905
665.312
591.385
684.264
435.083
585.013
603.847
586.275
572.001
542.988
586.184
570.799
739.534
589.106
546.698
427.206
675.163
589.008
571.218
679.206
473.665
605.038
786.023
498.3
420.27
498.967
684.526
681.644
675.975
535.525
687.164
628.302
477.531
685.727
609.12
654.629
512.638
684.855
594.624
822.204
686.891
826.902
693.461
519.567
795.814
544.01
812.3
724.647
793.569
822.176
774.268
826.203
398.46
720.722
668.86
778.123
562.195
697.013
514.406
699.102
724.743
697.404
725.708
686.887
609.428
687.618
883.407
623.068
386.26
612.16
519.107
771.032
539.406
537.122
682.224
557.856
749.816
771.641
555.815
710.919
581.861
695.076
469.054
663.283
562.779
563.167
697.019
585.859
581.06
432.051
689.002
712.896
639.756
467.533
610.519
464.506
684.439
543.812
633.765
612.565
656.134
487.177
656.046
421.003
490.607
625.344
443.412
641.173
524.369
598.259
615.055
588.829
460.072
604.347
504.255
714.549
502.033
517.546
702.621
499.776
509.3
683.479
668.773
416.08
761.847
723.568
630.963
672.13
443.277
777.39
606.725
732.019
621.372
661.241
661.057
615.75
557.948
739.599
621.918
658.935
469.399
673.588
652.606
500.73
628.838
492.597
658.629
352.711
553.022
416.707
552.974
618.578
549.848
642.926
534.839
546.191
578.807
546.743
499.402
546.509
583.597
480.823
554.488
472.592
468.842
551.785
456.395
549.067
546.789
536.632
778.817
534.422
531.339
529.221
653.665
450.792
597.518
587.431
597.113
587.481
530.477
622.696
690.366
584.663
597.063
465.847
568.43
465.769
568.129
473.339
593.633
538.755
773.3
629.296
657.752
485.338
794.157
649.296
575.2
588.067
649.802
554.581
588.615
592.996
543.048
895.342
650.508
849.084
681.317
773.686
869.574
725.308
761.55
564.691
616.522
541.325
564.435
449.519
486.251
422.858
578.484
495.654
427.446
541.291
546.848
430.787
550.527
418.871
735.019
410.593
547.413
462.544
403.171
399.599
533.229
521.593
543.894
518.326
395.14
691.837
667.969
633.087
691.19
511.534
576.607
633.815
776.086
589.762
595.866
774.729
869.898
655.249
699.51
692.191
471.243
714.564
629.564
644.475
692.845
633.16
677.653
628.409
711.132
609.209
672.516
640.573
523.157
735.764
639.613
680.722
651.615
430.372
751.798
629.031
554.904
565.713
530.466
748.389
587.4
555.094
589.685
863.926
759.28
864.26
378.585
767.779
456.92
121.669
642.941
752.997
371.846
640.282
681.734
644.989
503.091
681.621
759.357
818.806
771.899
704.347
641.145
792.061
621.19
642.914
651.178
795.386
600.248
601.169
599.064
511.543
518.002
702.008
431.775
628.213
696.904
277.477
437.568
328.265
754.501
773.048
443.744
474.947
675.943
562.298
576.615
792.566
578.098
449.684
681.865
549.271
460.055
658.294
660.562
456.385
542.849
668.821
464.731
630.449
576.163
297.029
618.855
465.036
277.34
696.768
570.414
460.964
571.08
741.842
296.918
743.365
757.887
328.167
757.814
758.65
425.199
590.543
419.412
462.901
795.539
489.129
699.189
594.627
456.898
572.874
481.201
456.605
715.469
713.319
459.803
423.498
465.211
564.272
452.184
458.522
874.987
614.884
491.474
563.491
589.763
603.834
702.173
709.722
721.905
604.463
631.987
388.942
691.745
628.202
377.676
649.782
636.728
371.764
367.124
614.459
668.289
758.208
343.266
765.87
307.148
766.984
299.638
772.256
758.671
620.758
294.847
629.286
639.934
692.949
658.788
707.75
657.542
641.405
655.522
642.127
654.109
692.584
793.123
710.414
652.056
782.422
754.306
431.299
650.82
449.513
648.386
722.773
493.119
652.19
552.531
301.617
679.845
320.3
612.338
327.142
344.23
368.103
523.915
380.185
534.785
395.983
853.573
407.549
853.299
577.706
504.812
455.239
777.061
424.114
656.179
505.089
574.416
504.38
656.967
867.479
500.487
630.167
867.254
728.247
734.874
572.587
500.541
664.383
653.551
460.15
860.002
594.265
534.536
697.222
687.457
703.527
551.629
748.932
687.623
516.347
462.793
469.998
712.04
546.986
457.619
713.091
547.299
457.133
715.318
583.796
664.173
574.726
792.318
880.059
711.724
611.546
542.587
142.143
691.559
507.399
516.096
147.066
504.97
776.247
556.212
463.314
694.36
616.732
620.169
455.654
675.302
511.707
544.91
645.382
641.513
441.051
607.561
274.394
664.297
644.15
269.387
682.776
646.075
502.959
707.618
720.101
635.542
587.794
631.181
562.507
627.217
629.58
603.646
581.513
581.674
548.9
494.883
644.95
507.892
644.963
693.29
613.232
661.853
634.145
689.346
457.381
742.277
629.053
557.425
752.289
668.647
520.887
642.219
675.722
789.662
753.651
692.269
697.787
702.997
674.081
682.15
700.384
674.126
546.112
645.972
664.459
550.169
646.666
520.457
678.698
527.109
694.388
525.285
519.711
465.175
722.043
523.85
735.868
649.702
524.493
670.583
645.316
487.104
684.189
488.947
654.662
604.149
673.814
485.281
579.763
748.825
612.362
579.293
655.689
577.736
778.811
582.971
585.834
586.451
661.219
573.601
723.909
644.626
595.002
478.695
678.191
731.165
691.028
507
697.06
383.713
477.619
383.81
758.592
654.803
687.553
891.079
556.637
529.054
484.272
791.039
688.585
752.319
622.483
688.782
752.933
584.83
586.994
599.644
794.193
592.692
746.366
782.799
729.148
693.74
596.63
594.573
494.69
430.358
528.502
543.121
729.598
719.878
601.416
677.866
571.28
730.127
627.85
596.722
565.601
738.034
525.446
689.058
561.126
630.318
633.691
729.821
702.906
611.584
621.146
696.437
521.536
746.273
671.765
565.16
729.161
494.905
572.969
728.829
577.334
587.106
777.051
690.938
724.243
706.487
588.09
493.949
524.052
726.814
604.842
587.367
392.697
664.721
738.632
726.793
637.85
602.233
744.351
421.544
574.858
595.7
522.886
602.152
634.584
584.278
743.973
713.016
518.629
739.959
853.501
744.505
665.175
489.156
497.08
618.127
591.304
754.398
646.433
612.45
508.773
584.359
698.494
793.795
590.592
780.679
584.1
484.203
631.054
611.67
614.088
507.869
756.667
694.984
496.863
796.65
533.898
720.327
479.444
418.163
417.422
719.135
875.205
856.215
670.818
557.276
857.744
711.966
605.078
605.359
890.798
624.081
602.123
613.321
628.639
616.814
590.648
552.63
528.998
516.122
795.364
561.497
781.536
616.442
554.495
606.994
519.582
705.961
713.733
614.687
632.529
593.502
568.63
763.875
705.338
587.407
706.117
715.438
525.767
777.999
706.144
541.906
554.823
567.253
672.367
683.474
665.243
599.732
596.59
652.808
698.373
653.212
555.066
782.799
626.909
552.606
500.193
552.885
610.021
678.475
549.034
458.861
606.871
648.278
588.4
522.362
671.845
506.427
647.986
633.037
519.838
627.805
532.137
411.817
588.178
488.667
735.266
485.863
706.24
853.325
766.466
734.691
613.114
640.886
588.276
597.528
519.068
621.693
518.788
542.864
617.489
733.651
619.991
556.304
651.273
737.547
661.155
616.208
632.929
632.63
660.749
645.308
492.761
670.591
707.067
519.117
613.435
574.361
519.885
672.121
492.54
590.091
876.907
581.787
519.041
674.829
621.532
446.956
568.684
467.83
621.527
671.6
631.914
777.332
577.857
720.078
675.266
884.306
694.432
526.352
724.798
630.783
590.866
539.812
878.539
631.175
792.026
600.091
655.667
672.197
477.917
749.752
871.507
693.293
792.725
539.11
612.45
632.082
495.955
590.194
502.49
656.433
547.199
887.318
657.582
648.916
737.929
613.57
656.751
599.744
876.055
543.812
598.628
872.241
463.437
602.549
644.559
736.899
456.358
584.54
615.334
704.752
636.576
593.311
597.681
607.123
622.177
876.531
693.686
660.507
694.217
489.312
763.232
587.137
589.821
460.686
761.257
663.322
605.701
506.214
567.297
690.359
879.871
783.959
671.137
463.019
650.436
584.615
594.224
619.926
749.981
720.944
656.885
657.141
675.8
453.507
654.905
663.311
616.872
620.39
867.798
209.165
479.454
216.154
463.282
614.17
194.08
618.358
511.33
462.557
515.329
181.27
165.767
583.002
191.372
615.232
174.874
614.659
354.86
138.99
624.141
583.146
382.715
866.091
585.128
254.129
687.526
172.907
163.764
709.521
157.829
587.665
753.584
157.944
674.605
562.883
150.517
499.487
643.91
219.572
724.585
218.252
278.977
873.287
741.982
889.152
839.939
431.696
569.62
840.499
277.543
881.37
548.948
863.697
284.538
297.254
584.158
780.679
614.054
713.771
598.242
625.632
355.29
421.728
754.074
810.295
611.592
647.779
801.587
488.58
803.079
773.025
409.645
743.392
299.567
385.905
334.909
728.257
208.404
357.039
597.44
722.352
710.795
708.652
794.422
754.517
744.057
745.509
670.661
365.067
633.888
279.099
277.62
856.77
271.585
668.435
473.178
660.852
138.384
514.633
494.923
135.869
551.68
671.142
672.587
135.627
594.266
868.001
660.107
573.92
482.586
863.23
890.036
129.755
746.629
715.24
128.195
209.956
125.172
208.424
112.877
456.899
109.077
582.038
593.071
101.785
599.193
296.64
543.003
487.585
585.184
300.567
616.382
488.598
593.604
540.352
490.173
632.938
490.173
611.07
493.719
789.779
599.147
487.696
665.699
377.1
790.693
513.438
589.248
479.848
573.637
783.439
586.382
458.443
730.91
584.127
872.796
880.222
523.018
365.402
722.047
272.291
344.44
547.045
273.218
485.279
341.96
587.405
587.634
450.134
635.299
502.885
673.427
599.494
506.748
841.018
626.862
340.729
862.752
605.119
331.844
673.477
331.655
622.731
617.261
613.635
702.496
310.114
405.977
652.824
529.811
203.609
382.362
597.929
599.638
659.582
394.86
211.755
799.643
640.956
516.001
563.973
519.07
661.05
602.623
596.952
590.345
594.242
503.449
590.986
607.602
594.458
602.105
715.118
590.585
607.446
542.26
662.31
766.387
654.492
770.712
766.423
738.078
269.073
545.457
602.45
546.442
892.28
547.163
547.443
546.894
546.894
735.838
563.722
604.86
738.252
586.029
707.799
707.801
437.455
589.219
588.166
626.953
627.924
811.237
487.954
589.499
495.38
657.139
629.587
751.694
761.278
614.71
473.26
616.406
563.333
485.125
552.278
604.068
502.499
477.369
793.258
618.826
502.2
660.411
592
628.571
602.583
552.094
