425.644
779.8
887.316
860.557
903.009
844.854
636.578
904.687
901.489
877.539
726.338
728.3
913.336
835.205
674.254
1077.764
825.405
611.083
1007.283
942.872
855.167
631.099
746.9
668.869
837.534
629.314
754.483
908.919
779.589
778.166
775.5
1083.542
1084.37
1080.29
623.563
859.863
924.841
838.506
628.109
830.479
1062.471
785.048
1060.741
807.148
649.621
867.284
852.978
632.374
826.291
1003.732
877.069
939.753
641.838
1068.966
761.246
770.751
767.442
712.927
943.672
645.046
984.714
639.539
791.504
1059.489
765.939
905.003
799.953
1082.302
1080.444
875.323
843.73
773.494
807.901
1015.849
925.655
908.076
1080.926
838.155
1082.937
865.788
794.714
877.622
1014.88
908.697
645.477
722.662
768.077
941.92
854.717
877.334
875.466
815.837
836.692
775.191
652.404
904.111
932.378
944.59
795.82
940.472
1101.942
779.316
748.528
867.028
1016.349
923.572
937.475
845.387
1101.936
728.562
403.801
1003.318
481.049
895.747
694.885
781.963
915.09
755.323
594.419
805.507
1019.086
1040.083
1086.617
830.652
739.482
578.388
739.546
661.597
719.956
775.505
739.614
1028.179
720.27
872.353
867.671
800.151
648.923
692.976
1078.879
860.702
829.128
1080.02
856.727
898.571
811.904
686.579
997.524
856.449
624.696
772.854
823.726
897.111
851.022
1048.117
958.779
734.392
987.272
803.065
698.282
749.941
808.3
915.37
779.62
759.453
1075.097
939.077
846.053
451.332
871.13
627.961
932.435
732.475
813.611
409.047
880.484
696.078
877.727
683.732
960.802
817.01
1126.749
927.051
788.672
769.797
757.952
737.402
842.021
837.588
700.795
877.342
896.395
785.133
846.483
771.349
794.709
933.294
1054.946
1009.146
993.46
787.416
981.772
1072.221
787.415
621.852
611.88
811.232
898.771
843.824
784.003
763.167
707.312
400.049
808.425
755.849
783.231
782.156
630.764
722.911
877.764
764.172
911.177
1069.766
682.738
969.592
1158.741
964.611
819.908
1002.79
694.459
763.073
953.735
837.267
936.005
808.68
997.986
972.598
795.052
686.711
721.233
1066.006
691.122
1077.26
686.812
1061.411
933.737
636.887
757.485
714.344
789.144
772.854
656.06
759.389
797.767
878.416
1009.343
896.729
769.868
743.067
1150.034
745.178
1028.188
636.855
880.002
979.242
819.604
792.3
692.211
723.75
681.39
893.242
967.861
623.98
1097.076
819.124
836.095
819.817
934.424
783.601
860.703
875.626
633.673
803.059
1067.208
931.676
775.374
898.003
863.106
906.179
911.073
1033.826
425.406
709.874
834.77
830.61
1002.53
742.021
868.456
822.28
432.479
721.337
797.879
701.231
654.612
1006.669
862.962
779.435
857.297
862.673
1018.58
719.542
772.66
1077.837
800.404
1008.753
627.734
607.888
867.469
1141.372
709.862
890.928
438.29
772.97
827.682
955.015
862.813
1008.173
625.088
738.6
1102.63
877.265
794.757
800.742
894.8
645.942
895.297
902.107
655.895
805.154
901.567
662.376
684.637
845.417
744.267
1067.698
818.29
776.038
1129.277
616.996
793.278
983.28
714.772
848.624
1026.162
426.906
807.966
788.522
838.719
722.662
1051.504
855.11
838.157
756.857
813.225
977.642
1068.327
943.903
890.92
783.772
883.047
873.045
979.318
862.439
941.477
987.685
864.811
720.815
925.833
869.623
910.274
948.946
983.843
835.578
882.144
922.577
983.191
817.296
724.257
792.284
1067.715
922.083
1061.102
1078.566
988.659
893.175
799.837
742.207
781.713
1097.399
863.262
787.543
876.424
828.791
793.995
995.055
597.328
827.226
1056.496
833.881
861.527
998.507
871.082
811.092
840.225
743.241
730.691
706.705
883.332
813.796
801.993
673.88
1011.398
825.58
901.202
650.101
989.238
905.151
1044.049
713.196
775.077
793.883
735.989
898.225
1069.879
999.041
862.25
749.932
733.873
1008.084
683.084
1089.76
669.571
904.677
846.694
1015.068
895.257
865.237
880.092
617.282
840.055
675.48
802.42
827.416
937.897
599.206
774.125
803.517
963.64
935.258
825.045
863.186
888.169
1086.654
686.846
807.5
841.038
908.144
832.058
780.331
879.611
944.345
880.597
862.432
642.386
782.517
866.735
738.883
982.588
730.326
699.352
962.122
808.792
660.435
797.302
1078.87
905.128
1094.956
820.007
637.107
889.887
862.434
486.71
610.668
698.734
611.29
740.735
792.931
834.746
661.461
757.395
734.231
941.864
460.67
783.505
851.22
626.834
868.024
613.999
866.879
962.493
852.755
738.284
920.3
936.912
716.94
1081.89
706.997
763.422
1080.529
650.093
817.339
616.473
1073.451
839.282
1081.608
809.654
818.819
808.619
897.053
855.461
770.716
1080.546
785.405
862.38
874.732
842.724
893.394
1074.006
875.436
1082.267
877.28
1070.797
905.533
1072.311
923.888
1088.077
691.554
867.66
973.154
627.614
695.167
1073.129
831.499
890.317
948.418
946.416
861.354
818.81
806.036
891.012
774.267
883.743
838.33
1018.439
803.242
971.954
972.474
981.936
620.141
788.745
938.444
619.618
930.979
724.642
876.567
961.783
867.452
882.953
817.578
969.524
646.777
618.092
731.415
630.193
939.16
867.04
720.916
959.14
826.048
1094.242
991.021
1078.241
894.167
760.513
853.382
828.758
811.81
869.773
821.196
870.714
994.323
624.893
818.82
628.052
819.795
1056.069
821.179
649.535
729.666
1075.511
907.876
768.662
924.378
776.282
1039.267
278.883
833.236
1081.517
762.686
568.239
762.061
758.802
852.905
853.081
714.315
737.566
1067.621
719.962
974.109
398.967
677.028
992.963
825.643
758.702
826.067
972.256
968.188
1070.704
767.027
816.154
807.857
805.592
892.039
992.196
877.912
720.379
764.659
664.644
610.505
841.881
1028.46
590.58
825.318
723.895
862.989
879.18
862.933
890.297
870.382
771.063
878.357
992.726
1086.543
1009.31
959.439
960.16
1044.05
857.553
818.232
821.117
847.232
426.381
875.143
1031.949
847.876
1077.43
826.363
830.996
975.11
1029.292
1079.322
1080.255
1078.143
631.368
896.903
978.41
909.302
950.386
1092.498
943.44
966.922
792.822
990.46
782.673
858.287
826.543
691.171
1062.021
976.133
735.156
847.565
668.178
809.999
744.954
1041.142
1088.615
779.28
727.981
755.061
1083.841
956.559
812.323
402.634
1034.811
768.208
859.889
601.514
725.341
872.821
846.056
871.161
839.046
940.523
794.92
954.923
1103.545
899.835
825.383
758.297
732.949
1029.981
809.809
625.365
536.186
730.985
838.505
824.508
728.844
782.612
824.274
424.053
767.034
823.537
803.407
823.907
894.597
781.313
796.92
783.106
849.154
757.774
798.777
1060.67
950.649
815.269
849.387
860.673
942.712
928.106
869.694
891.755
791.328
736.643
676.248
831.657
640.482
799.986
1020.608
763.027
777.527
756.294
863.737
749.667
637.257
746.7
1019.469
744.487
607.856
981.338
875.742
1072.49
800.639
754.332
733.101
697.144
1048.345
1087.502
811.195
780.42
830.572
1091.822
816.171
653.177
814.744
951.426
830.929
679.586
865.002
730.147
1064.284
648.215
926.301
1079.102
626.537
662.47
774.298
751.487
721.544
742.89
1060.59
974.576
880.478
663.458
773.878
895.927
943.22
896.601
795.534
895.584
857.756
747.47
896.812
960.442
898.162
996.378
1018.621
104.613
890.114
931.456
828.951
818.639
840.291
802.61
980.237
896.215
1092.729
869.609
719.183
1046.336
719.521
860.989
1047.775
108.041
865.072
838.522
811.064
678.082
862.032
1041.015
828.575
1066.835
890.416
1071.359
744.025
787.71
993.574
782.187
754.12
781.171
822.388
693.327
1029.633
629.643
765.5
734.169
877.817
670.056
798.207
755.187
455.658
777.886
758.887
806.232
806.57
863.177
974.945
695.206
1042.317
635.861
879.099
919.168
804.86
856.098
953.102
795.98
825.227
686.712
669.657
798.511
788.217
806.657
784.983
783.085
1000.317
1021.76
1017.613
868.42
886.016
840.264
762.982
1032.92
847.559
1033.567
1044.47
906.875
907.302
1044.224
465.775
650.063
915.401
989.895
702.741
596.299
1050.427
1089.719
881.815
758.632
904.196
1016.587
960.77
710.93
878.453
856.296
869.083
807.684
939.235
720.56
820.158
825.343
912.33
827.966
813.107
817.444
782.94
802.254
825.047
827.86
979.954
790.111
536.109
912.417
967.979
912.054
896.767
898.053
818.617
897.745
664.038
917.705
882.633
859.949
861.907
664.584
862.598
858.007
897.686
838.963
740.287
630.01
728.612
728.413
732.226
783.379
860.106
1047.84
646.164
888.067
719.355
802.757
628.118
906.583
581.595
832.517
843.762
767.797
663.612
831.722
838.583
857.015
866.234
722.503
784.198
664.047
680.851
783.996
906.97
191.305
841.662
663.255
861.695
846.666
893.608
906.679
759.125
1006.324
906.519
928.124
936.414
743.185
1169.87
793.223
792.709
791.07
752.826
668.442
926.956
725.88
867.346
787.048
766.2
867.005
751.762
668.257
875.042
666.927
950.984
783.85
843.192
860.552
872.207
736.151
707.191
751.957
804.102
690.902
603.695
916.588
661.451
914.341
878.048
908.207
877.705
1009.914
894.448
894.401
392.852
904.186
937.632
393.649
905.886
438.396
859.978
847.568
679.535
1057.342
852.95
585.14
1003.491
679.835
822.424
736.193
749.859
680.251
997.685
1095.982
593.256
719.205
1060.152
746.706
1001.464
958.704
1012.077
808.385
976.706
826.461
745.622
670.988
969.981
634.817
594.568
480.668
723.717
842.997
726.453
845.124
887.971
696.194
818.846
625.336
945.464
1077.548
894.351
925.727
975.103
1090.35
664.066
825.687
575.952
847.421
980.333
851.164
826.758
783.962
882.657
879.241
884.954
986.283
898.031
1076.242
937.379
959.117
903.471
803.581
1070.203
944.585
860.314
652.327
772.224
753.485
1006.033
815.885
804.314
927.458
861.887
1073.862
645.404
978.832
906.836
677.883
808.352
1045.624
958.766
835.173
983.322
904.609
1050.581
811.041
629.538
1025.998
814.638
1031.488
690.019
393.974
938.638
1053.122
896.517
904.567
1082.341
960.759
636.144
915.845
609.637
904.53
902.378
742.488
786.506
895.431
901.235
878.49
768.262
974.253
879.284
963.749
858.964
782.57
784.21
805.164
770.232
913.797
862.998
834.489
774.886
696.445
775.853
901.993
902.192
742.92
772.248
810.502
798.85
830.736
784.377
795.728
648.367
829.623
781.579
763.862
958.762
1015.562
822.21
773.243
985.208
819.437
806.21
817.656
872.998
795.598
918.039
677.352
670.802
868.956
959.012
661.757
940.293
1093.147
940.064
875.49
475.86
913.692
947.868
948.667
825.342
960.739
881.258
676.036
868.179
1004.814
978.375
693.218
425.937
684.937
663.355
462.816
648.722
459.104
508.238
722.096
367.875
678.048
451.522
651.846
943.442
515.375
970.571
497.852
510.763
866.421
662.659
699.101
906.959
744.402
435.758
907.179
1001.327
804.706
882.292
868.839
399.009
780.408
707.879
417.876
907.823
847.262
780.258
827.535
908.033
443.527
910.505
442.348
820.102
725.065
972.089
831.171
688.424
812.25
869.553
672.108
800.979
911.644
883.424
702.515
670.606
675.432
676.423
661.239
1082.089
590.977
792.577
609.607
850.478
575.2
913.073
556.861
670.474
535.572
894.392
748.285
789.41
765.507
750.557
1077.757
819.903
854.689
789.423
707.864
1081.765
879.347
693.428
826.493
668.593
860.165
915.119
446.054
455.695
474.848
502.445
956.872
705.226
484.818
672.237
774.128
736.106
671.989
863.004
735.666
632.976
474.76
957.624
648.364
961.384
642.487
828.195
959.017
854.365
911.514
962.527
1081.931
626.585
615.138
718.425
855.931
645.779
643.716
847.32
646.977
622.65
770.903
577.531
797.476
885.598
412.583
801.637
697.295
414.764
576.852
877.303
415.081
804.54
601.773
442.13
883.017
761.451
709.82
895.938
711.574
832.088
598.88
876.564
824.966
744.431
659.111
950.391
1077.841
950.256
710.784
845.062
575.834
809.528
833.088
756.609
710.243
974.368
1049.637
714.995
753.53
717.955
929.118
688.182
722.218
938.381
662.082
684.31
936.83
690.557
225.625
1088.869
817.646
600.895
886.941
918.095
586.143
980.25
631.161
633.222
583.208
201.494
1009.535
594.132
792.813
181.437
936.77
908.559
175.882
632.763
1110.574
100
860.739
987.849
683.854
917.13
1016.434
1026.856
907.065
716.369
825.854
701.624
382.042
803.743
389.97
709.346
396.107
659.101
606.453
420.235
708.822
978.942
383.707
825.783
642.399
997.42
264.784
655.451
232.979
907.424
811.254
823.638
662.399
950.503
628.444
635.664
779.154
627.988
758.658
776.074
586.917
642.848
754.733
795.149
916.239
652.503
797.321
785.191
981.689
757.165
742.432
881.36
834.915
657.845
402.559
731.388
1003.347
794.364
859.166
866.1
657.513
866.691
879.322
880.273
402.004
909.372
1002.987
712.948
672.408
793.532
747.704
718.722
676.851
616.613
787.908
768.245
827.561
856.487
764.59
582.521
916.605
945.287
965.739
798.181
683.276
936.849
947.674
671.638
930.245
768.472
1084.313
819.573
744.142
164.692
836.983
747.414
782.15
759.177
820.184
821.494
701.456
819.274
958.962
868.324
783.605
744.487
821.096
724.955
622.747
927.794
913.523
837.761
982.924
858.143
963.873
620.745
1068.318
622.401
581.712
922.443
1087.856
658.536
628.763
675.977
818.876
825.077
862.491
891.437
814.023
815.904
623.522
775.196
694.33
862.757
686.971
845.93
926.943
680.493
859.277
636.887
896.842
787.398
805.011
916.779
769.094
930.049
771.668
654.997
664.615
979.752
1076.653
823.724
973.672
590.931
802.33
955.761
791.607
943.287
678.768
737.831
807.69
724.325
756.742
1018.461
837.56
165.846
773.84
945.301
817.664
627.895
896.056
1090.199
913.441
818.05
711.127
760.478
981.39
743.207
358.762
829.362
690.207
557.72
860.834
713.35
546.857
1102.415
540.098
842.283
852.464
355.661
775.353
739.832
1084.597
874.809
426.074
807.162
701.072
882.317
643.694
682.691
860.599
771.383
897.58
897.764
882.528
1036.95
824.726
941.762
865.302
681.58
828.946
836.936
827.884
919.385
502.256
681.297
783.482
1081.805
923.861
856.499
238.321
883.9
605.333
838.293
750.249
907.783
452.713
454.102
784.307
1106.148
1124.553
750.319
991.728
849.919
1118.018
881.728
820.146
1119.643
761.009
808.964
985.49
805.987
1015.448
930.543
1004.474
742.115
1017.266
705.06
945.318
641.742
1142.84
798.77
691.496
772.476
956.843
611.385
921.774
775.664
693.611
1021.127
808.493
1095.591
610.819
725.974
1080.509
825.289
1082.755
760.6
795.494
610.077
444.303
771.586
606.589
914.315
689.541
887.822
719.288
884.967
1074.699
842.838
930.495
722.653
828.539
761.488
826.74
845.415
885.857
934.565
847.104
896.009
962.567
782.951
861.495
837.732
844.169
816.129
875.23
677.871
628.508
784.131
900.481
623.144
898.275
610.33
624.736
897.539
607.532
838.439
838.241
825.692
832.276
700.142
752.649
805.442
739.177
1031.567
708.353
1061.859
951.415
825.373
978.082
733.611
974.061
721.982
1008.537
1023.122
1047.18
813.879
1004.499
628.309
957.712
957.213
973.239
722.202
986.107
828.012
774.057
718.919
771.357
822.852
985.504
810.71
984.436
659.536
984.936
598.619
911.798
885.743
828.723
803.961
1070.437
817.277
677.186
739.788
743.632
978.756
802.769
1004.587
645.566
696.973
935.728
838.953
730.179
989.216
800.515
736.206
897.601
1039.059
409.354
897.528
862.391
899.121
742.528
804.912
811.21
640.648
774.246
803.224
779.747
660.549
795.607
1014.04
761.266
1073.12
1060.322
744.516
1056.504
1029.653
729.357
1040.293
895.053
574.753
986.249
532.423
804.921
978.16
1072.653
784.135
823.631
800.591
870.231
784.58
897.915
773.59
1085.114
872.099
738.29
754.738
976.147
961.6
716.646
944.804
1066.969
982.034
893.89
1092.362
661.105
732.044
845.415
860.853
987.809
898.917
897.02
862.489
988.709
900.187
1072.949
862.721
624.962
804.546
767.94
762.297
1007.983
996.438
954.126
887.54
1062.288
923.67
1004.3
897.977
1080.305
863.084
925.352
922.643
956.542
825.933
750.966
755.234
420.3
740.547
751.362
793.047
419.603
1058.223
800.055
813.897
796.512
1007.15
805.372
1005.296
779.19
1031.379
1104.476
396.556
430.233
794.928
379.649
814.61
378.94
723.053
989.702
748.893
783.364
763.907
1077.454
788.67
720.288
862.898
796.143
646.694
564.347
658.5
947.507
1045.726
982.495
1080.911
641.653
897.917
701.159
639.75
876.754
824.458
633.555
181.08
822.498
564.922
928.915
863.562
831.862
988.919
843.623
895.113
747.929
899.164
621.837
847.183
725.253
811.1
1022.677
775.234
630.579
1023.933
783.143
627.368
727.419
615.233
627.365
894.976
587.811
624.837
961.616
852.635
1074.34
633.241
647.6
927.494
623.48
634.394
835.225
596.746
595.634
630.318
576.293
740.055
648.094
690.323
898.605
906.051
715.948
613.495
698.032
610.176
692.039
604.955
905.761
656.942
689.268
796.554
1007.002
638.264
592.77
624.434
584.828
607.252
582.394
615.595
584.96
818.828
961.661
591.546
726.534
606.056
1047.518
879.786
1073.737
885.705
1010.634
885.224
884.86
1020.434
570.015
1027.801
780.398
1040.582
570.492
912.448
1032.113
900.091
1047.284
634.55
615.913
765.033
895.964
622.792
588.893
700.707
820.481
952.734
698.139
573.077
860.715
840.329
850.772
844.184
848.35
959.175
922.08
941.373
894.795
855.657
837.748
808.321
582.335
813.287
1071.864
921.476
867.398
862.973
902.478
902.183
852.738
894.016
636.799
876.076
877.966
780.891
872.784
862.106
1016.095
864.433
994.846
964.085
860.603
861.221
975.433
897.261
852.124
896.407
861.481
698.899
776.802
720.415
895.898
774.288
864.371
815.51
827.616
704.601
698.811
948.93
989.585
875.162
792.347
739.195
890.234
860.764
802.444
572.747
827.512
839.126
827.7
986.207
614.676
796.569
984.928
843.222
679.609
608.313
827.228
1018.546
876.59
1017.13
904.911
870.306
798.289
796.625
680.491
814.873
761.434
878.955
993.257
983.398
660.445
783.502
693.655
1021.97
619.768
516.569
917.171
1039.081
360.487
853.421
786.883
929.654
533.125
642.274
595.805
714.824
752.871
812.969
638.776
455.852
835.523
637.154
786.874
737.194
600.066
814.413
834.56
663.178
496.85
553.918
379.623
988.386
578.219
701.582
484.809
727.494
498.773
715.387
665.245
883.104
745.294
731.177
745.412
805.987
783.339
689.118
832.143
855.267
797.934
539.915
877.407
846.561
664.118
735.312
845.922
843.122
755.115
1069.184
427.002
820.804
855.802
755.475
594.369
766.92
767.094
623.398
744.286
1083.543
907.508
796.805
924.674
863.508
693.267
869.884
408.151
903.888
679.933
619.25
703.718
626.429
679.233
672.885
669.338
626.444
619.33
703.78
959.075
670.89
701.965
720.748
715.314
829.953
691.944
665.378
875.787
964.15
875.793
1082.832
720.65
1034.169
903.68
952.849
911.941
919.331
983.975
689.234
795.995
874.294
902.587
678.583
875.445
982.664
135.908
697.935
904.006
697.245
984.722
813.209
854.229
698.569
1082.196
758.075
781.169
932.434
915.96
846.67
759.475
625.771
763.853
839.651
793.146
885.659
552.252
792.515
630.323
551.562
645.356
788.198
639.257
542.678
875.374
771.175
874.086
982.452
850.235
873.39
1053.378
831.055
924.619
1040.078
422.881
935.367
796.511
882.071
854.533
1137.498
743.417
898.527
1182.062
962.725
857.203
1023.899
873.963
823.417
861.776
843.402
829.801
731.357
618.046
793.828
597.211
172.416
680.914
876.062
688.646
647.678
634.196
647.026
819.799
765.826
689.902
806.658
823.147
639.139
815.491
678.941
529.191
711.156
909.294
652.424
516.91
938.505
687.035
999.495
941.858
828.795
940.862
845.98
855.709
867.362
877.593
932.302
933.477
903.997
780.598
781.258
902.788
1069.158
997.857
699.009
847.07
850.125
721.501
846.781
859.802
691.333
668.137
642.876
160.511
712.753
630.734
727.117
746.691
724.983
707.566
634.055
678.305
680.943
633.87
933.973
694.204
834.52
839.281
833.906
628.259
835.754
628.144
694.357
610.067
654.769
846.045
831.186
844.352
636.04
839.716
853.137
842.435
848.227
817.124
818.434
903.45
861.686
660.126
897.229
621.002
896.296
953.977
896.466
621.972
833.491
887.069
800.574
691.058
774.353
561.983
552.009
439.939
537.164
536.999
763.748
527.363
1058.819
528.922
440.299
981.678
516.693
878.881
890.862
900.79
562.208
588.521
513.871
388.158
488.062
396.568
507.224
701.467
744.823
924.574
900.52
926.521
714.591
838.691
882.198
726.795
1044.672
911.817
709.782
864.851
909.466
728.848
828.894
877.726
747.67
878.292
824.176
562.3
534.789
824.257
830.701
913.068
863.005
973.365
885.614
1059.215
884.939
1006.81
903.575
898.467
807.499
1059.138
898.018
905.369
800.408
1062.033
841.611
1114.356
884.066
486.055
884.238
828.855
505.089
723.791
661.848
612.623
488.529
667.885
854.966
668.015
482.093
1054.359
717.715
482.786
733.742
1040.401
471.891
732.365
1021.855
476.924
858.032
813.875
462.637
801.467
463.333
728.232
751.605
732.937
677.746
272.47
628.165
1039.977
455.208
903.893
455.556
962.245
450.339
812.519
688.582
810.978
824.949
810.745
768.023
809.506
873.282
810.006
896.909
810.893
748.182
646.01
1101.217
1090.535
812.731
861.629
764.032
955.213
725.182
881.634
728.153
777.468
818.792
716.562
808.582
783.171
732.737
681.089
943.61
735.84
847.128
735.672
720.925
450.655
447.712
448
737.361
1018.929
638.598
744.567
612.137
765.245
824.599
620.501
757.558
836.929
991.456
992.724
737.623
691.912
743.946
417.732
887.314
710.79
887.896
580.497
881.575
779.019
750.005
717.033
880.575
760.074
710.964
856.97
757.439
975.26
726.246
909.015
972.023
736.594
976
807.257
403.72
765.866
962.529
863.77
921.983
960.925
865.554
783.348
767.333
680.27
861.169
793.219
774.507
761.12
853.153
774.443
863.124
808.01
627.297
750.095
702.375
957.144
913.968
626.975
817.597
772.723
914.078
890.854
698.262
913.431
937.502
906.351
874.37
738.727
1079.031
862.229
1069.39
853.015
960.684
716.524
765.134
989.019
768.208
988.506
663.807
983.172
945.933
757.199
1031.675
850.307
1033.816
775.022
986.248
779.435
794.529
815.937
781.09
794.711
916.884
949.274
961.145
815.367
1076.314
983.668
775.91
907.935
813.552
843.416
786.666
675.191
843.341
785.624
637.278
833.143
819.388
825.643
793.518
833.054
655.088
784.44
967.344
680.247
855.396
852.027
744.178
852.746
771.76
778.84
615.898
776.261
758.225
1053.726
913.569
767.11
1080.41
988.425
947.25
989.122
827.394
785.992
998.339
784.102
1041.107
980.789
785.011
662.742
787.949
614.334
784.361
785.327
734.975
783.825
816.827
900.179
1082.499
927.493
707.352
712.688
990.763
705.675
612.508
712.308
825.717
667.001
910.971
671.209
434.438
655.477
509.691
788.194
589.855
894.817
636.069
631.657
798.608
742.75
903.954
914.665
739.811
821.475
701.652
823.218
504.633
818.881
1090.517
1088.93
841.437
1169.333
1046.114
764.227
634.633
693.864
855.343
711.535
1026.06
706.333
984.698
655.864
807.718
717.439
671.351
575.999
671.462
705.531
589.136
612.079
402.356
609.853
697.075
636.428
733.356
655.886
832.638
940.819
952.856
813.751
580.677
1050.808
764.296
584.746
857.119
876.594
904.098
466.998
974.167
903.806
852.569
900.172
677.93
938.577
843.811
914.399
890.063
753.518
610.314
844.14
663.482
636.966
901.489
724.796
713.113
831.027
853.149
626.463
853.712
597.108
723.023
167.691
869.217
460.006
868.772
885.304
869.876
765.819
896.999
868.293
861.354
871.08
955.289
864.199
1160.195
984.053
1077.405
963.404
504.697
756.862
889.425
752.812
856.422
730.89
904.056
726.227
719.438
714.802
609.77
841.957
629.614
838.385
629.471
838.481
985.991
673.84
649.588
809.901
1050.294
807.339
762.051
807.339
761.604
776.392
662.478
719.098
740.696
877.4
1083.472
966.408
821.066
616.297
801.32
642.753
1035.105
1077.582
1008.594
662.775
976.144
432.451
1036.953
425.878
968.7
950.97
422.093
614.092
674.695
755.396
954.034
759.508
754.926
690.75
905.265
640.514
779.125
735.37
651.907
741.805
677.163
660.414
755.777
633.211
636.044
629.676
751.156
879.92
619.657
606.793
724.546
700.269
745.918
705.676
596.54
738.268
610.69
773.949
741.939
757.797
794.825
948.52
914.015
802.593
1073.747
735.231
422.805
1060.054
761.19
735.318
784.017
813.506
988.848
1006.538
629.743
982.09
785.408
990.353
635.276
620.328
797.02
799.24
701.819
634.535
799.825
778.433
610.441
826.688
702.244
798.924
733.156
657.138
608.07
704.026
736.041
695.292
661.989
424.824
667.863
423.814
570.189
913.281
920.947
282.042
851.92
746.43
565.414
987.586
824.811
763.985
926.811
586.216
734.32
787.397
954.305
766.365
609.989
784.821
810.015
999.997
765.932
630.897
648.243
652.009
640.485
756.593
587.397
975.669
595.556
1041.295
984.726
513.455
584.537
380.117
879.996
914.897
559.158
770.232
843.837
865.557
731.87
777.234
734.909
539.2
584.05
1009.827
534.283
1075.799
749.023
536.348
754.859
904.265
525.962
916.466
777.923
457.003
1054.755
510.83
513.432
837.117
668.458
492.555
670.662
824.903
456.846
735.722
768.083
379.985
766.603
766.506
610.888
661.784
618.645
687.412
784.992
774.448
705.774
1061.261
695.018
770.136
653.454
696.019
639.791
649.713
690.643
728.925
922.258
865.249
816.799
693.039
459.722
730.459
635.506
774.874
997.76
939.958
738.54
952.684
914
939.88
1121.111
582.573
1016.27
1096.994
572.395
762.364
887.716
567.39
562.819
1101.87
610.961
647.405
538.018
646.919
510.663
646.111
502.466
644.236
646.346
762.881
497.009
1055.071
1072.992
988.078
717.025
958.45
723.321
992.33
734.278
1060.174
742.922
1017.542
776.461
951.799
757.297
639.649
653.451
761.77
767.194
815.763
789.12
911.822
950.72
758.32
903.085
504.024
955.89
525.424
1048.215
530.039
538.102
563.168
700.837
573.301
790.549
597.762
403.803
625.892
401.818
665.97
967.53
839.139
762.51
729.808
831.005
748.584
1061.305
748.214
826.538
394.29
743.504
816.98
393.027
665.063
693.264
810.824
743.088
983.75
1052.494
830.17
410.11
922.756
746.829
1039.012
661.325
1038.69
832.113
716.47
627.011
860.243
836.877
722.861
656.384
820.527
808.281
649.547
818.871
806.762
638.729
1173.987
909.932
847.743
795.728
431.744
655.948
714.351
756.057
335.528
1015.692
995.544
843.13
348.433
969.29
944.091
739.772
480.833
1056.499
952.158
762.482
898.199
790.75
668.279
981.425
1083.531
838.896
574.58
845.907
470.053
873.901
775.757
655.96
875.923
924.968
955.151
843.203
898.677
815.06
972.157
816.655
836.35
815.289
991.284
813.785
741.044
1179.526
981.92
528.128
988.508
951.035
988.182
1023.455
865.368
904.335
937.581
1070.523
923.007
861.688
940.204
765.396
905.132
904.569
592.766
853.216
880.099
778.368
905.333
1079.95
818.109
880.209
874.082
1040.002
816.706
869.937
749.244
976.007
863.954
823.086
974.772
697.191
950.234
799.219
1053.456
792.958
695.787
878.84
769.79
858.918
692.563
1083.553
859.862
828.607
1012.256
909.447
624.512
776.363
1061.285
1080.227
824.954
962.531
1045.78
867.394
733.454
1048.696
927.326
817.688
909.059
1039.553
1090.598
906.651
915.682
861.383
904.171
1008.666
1058.897
844.443
941.982
632.44
635.015
952.169
737.019
828.601
843.024
828.633
664.291
1060.534
660.821
441.784
867.174
730.173
963.749
783.741
689.668
685.766
826.161
689.18
906.181
861.877
972.402
927.418
813.838
1093.129
689.102
911.481
885.412
1051.509
818.867
1061.174
957.351
756.669
913.44
804.02
878.131
691.895
655.632
941.623
844.022
870.358
812.874
818.678
905.255
692.213
598.197
1080.48
784.02
734.795
691.09
871.502
989.137
734.593
935.889
633.321
1056.351
807.919
724.202
972.511
879.922
961.754
906.596
886.98
777.473
791.369
763.892
811.922
905.169
799.364
930.181
958.665
861.024
679.56
801.095
930.699
490.267
909.515
923.811
679.535
1057.998
762.407
825.264
754.886
906.443
906.427
574.423
944.613
865.996
996.368
932.297
793.968
968.889
902.772
397.284
933.771
815.454
841.71
979.895
683.395
880.358
952.686
1062.765
902.707
857.388
867.133
710.852
630.841
862.173
827.589
638.13
962.617
880.64
994.45
914.507
850.57
788.112
721.745
985.028
831.59
860.549
623.01
546.423
756.741
758.376
624.893
427.467
423.482
834.255
903.145
424.057
890.608
690.423
795.612
441.144
1057.213
723.524
915.553
816.747
784.181
987.671
1077.666
769.135
685.389
785.118
784.224
807.476
784.348
791.24
933.271
861.278
691.511
635.276
852.692
1056.614
904.398
791.015
692.415
882.797
887.747
680.782
727.975
794.705
934.523
1066.152
729.934
793.319
895.898
828.994
774.466
856.809
644.35
818.747
751.12
744.501
750.199
761.714
911.481
774.744
740.3
1027.954
671.151
863.687
875.126
900.408
848.526
620.878
778.421
1073.798
929.054
1003.855
856.289
781.601
743.737
989.585
774.144
887.787
761.508
855.879
847.731
679.843
773.313
680.943
400.696
881.02
606.129
1070.345
704.929
635.84
975.557
946.528
705.262
959.838
1080.675
838.179
663.369
936.349
687.102
765.186
912.82
754.073
801.814
947.616
939.355
759.4
810.013
831.942
753.261
813.323
704.3
722.846
667.368
982.7
875.416
831.518
808.449
469.193
770.145
703.869
773.68
938.619
798.29
790.491
919.752
938.333
752.617
865.15
938.564
849.828
628.469
863.056
435.372
819.616
708.965
1046.745
931.106
992.932
1084.566
471.69
879.54
630.325
918.333
605.254
875.756
843.117
838.332
470.049
1036.031
827.364
864.999
902.707
943.394
735.102
995.995
1012.329
730.773
672.358
438.396
721.341
607.62
692.075
797.226
610.607
625.814
427.909
655.864
637.105
466.339
837.51
1113.956
609.733
825.279
812.566
849.04
784.174
854.511
1058.414
662.495
633.818
829.136
811.254
454.699
1050.596
1060.164
1053.642
841.899
785.658
1018.057
633.831
849.109
909.647
908.184
937.26
667.327
887.817
649.591
452.566
764.759
624.968
818.259
1080.851
852.842
713.796
939.208
849.29
678.993
925.187
925.623
853.999
802.157
928.311
907.791
939.409
934.795
452.12
403.875
876.754
584.282
598.17
1098.893
389.645
836.638
666.961
821.518
682.254
438.043
397.299
816.595
387.095
646.366
369.994
1086.551
170.361
396.237
852.278
642.934
625.691
419.706
640.283
627.582
663.126
367.78
358.565
668.034
369.692
1015.236
775.025
373.394
846.483
800.066
357.837
751.467
775.762
537.975
763.331
535.017
677.084
385.239
660.26
444.988
426.532
726.956
656.36
427.355
473.716
401.409
704.427
497.404
690.408
651.17
862.027
827.589
1088.357
1070.858
983.989
849.768
544.525
784.187
774.346
604.754
1005.375
607.417
630.589
595.767
624.612
828.445
624.196
858.646
432.713
845.043
182.195
661.092
335.98
777.41
968.534
1050.409
1073.269
1075.65
813.025
988.075
1008.37
1005.555
833.947
762.71
691.744
475.369
473.97
502.974
466.969
905.014
965.237
920.542
326.129
680.866
1011.352
319.402
830.511
809.366
799.129
319.045
879.105
479.776
1082.333
781.28
557.29
426.692
407.519
303.685
689.243
640.596
299.387
344.99
291.64
337.063
259.64
597.104
249.709
643.855
1066.364
230.63
815.254
436.08
675.19
540.662
1031.041
431.744
942.924
846.591
906.691
1078.448
594.409
939.093
594.409
921.649
591.876
785.29
759.532
578.435
937.911
824.783
782.082
711.003
861.864
546.479
906.243
760.128
897.056
846.633
901.364
1036.803
464.974
477.452
1058.773
185.73
817.635
607.579
155.162
766.97
595.71
965.965
150.842
735.662
735.923
842.072
751.756
636.115
728.917
866.72
507.083
430.997
1073.389
148.344
505.025
681.341
133.055
728.557
133.254
891.029
783.452
725.368
878.843
521.45
616.998
781.352
510.403
307.213
530.749
1065.708
1138.146
825.705
483.935
405.53
785.664
991.269
991.21
905.65
943.575
1086.015
812.731
919.126
993.53
779.287
908.841
786.532
1038.638
779.938
776.316
634.51
786.122
775.233
880.865
821.057
683.565
752.425
913.924
967.631
716.014
464.318
873.72
811.658
867.565
442.603
872.753
861.502
860.347
860.347
825.258
787.875
939.655
807.282
855.8
885.479
885.507
792.537
861.786
876.663
1078.437
1091.039
788.221
577.556
821.249
734.167
739.086
773.37
750.601
690.674
1081.615
972.255
1081.066
1073.622
845.228
1077.709
940.594
1017.514
968.389
806.514
944.968
1019.305
1084.857
908.916
1054.977
939.753
869.633
